          00                       00
     00000000000           00
        00    00             00
         0    0              00000000000
   0000000000000    00     00
            00             00      00
  00000000000000  00      00
          000000       00       00
         00 00 00     00        00
        00  00  00   00         00
       00   00   00              00
      00    00    00             00

         00
        0000000000000
       00
          00000000000000
          00      00
          00      00
     0000000000000000000
                   00
                   00
                   00
                   00

         00
        00                0000000000000
   0000000000000                  00
      00        00                 00
     00        00               00
      00      00        000000000000000
       00    00                 00
        00  00                  00
          00                      00
       00   00              00 00
     00       00               000